20000101000000
20000101000001
20231124185944
20231220094836
20231222181015
20240103104619
20240106121919
20240202120312
20240219190940
20240221023613
20240221215408
20240305221944
20240315165236
20240605070918
20240625095352
20240728094137
20240909142106
20241120222814
20241121225404
20241127174604
20241206124325
20241213142106
20250106142106
20250206105106
20250211160814
20250306105106
20250404151700
20250409113306
20250506112836
20250507134356
20250513111201
20250522105042
20250528203546
20250606204750
20250606213446
20250624001047
20250624001048
20250624001049
20250624232413
20250708135400
20250708135401
20250714132924
20250728085406
20250802144312
20250815181502
20250818114512
20250820102103
20250824185633
20250824185634
20250825100000
20250825102440
20250825102800
20250825102900
20250901161352
20250905134524
20250910063940
20250910072612
20250910124212
20250923094021
20250923103546
20250923103614
20251009170758
20251011200438
20251018100653
20251026192416
20251030130958
20251106172810
20251121101953
20251127000000
20251216135834
20251217000000
20251218160000
20251218170000
20260121175429
20260121175430
20260127120000
20260129105527
20260204172712
